last_name, first_name,year,xba,xslg,xwoba,xobp,xiso,exit_velocity_avg,launch_angle_avg,barrel_batted_rate,
Martinez, Victor,2018,.270,.418,.320,.318,.148,87.8,14.1,4.7,
Mauer, Joe,2018,.298,.455,.359,.367,.157,91.1,4.5,5.0,
Choo, Shin-Soo,2018,.253,.471,.367,.368,.217,89.3,6.1,11.1,
Molina, Yadier,2018,.271,.443,.338,.325,.172,88.2,15.4,5.5,
Encarnacion, Edwin,2018,.247,.486,.362,.343,.238,89.9,18,11.2,
Jones, Adam,2018,.271,.418,.315,.305,.147,88.3,13.2,4.9,
Kinsler, Ian,2018,.251,.376,.307,.313,.124,85.3,17.7,3.1,
Desmond, Ian,2018,.230,.390,.306,.303,.160,90.1,-0.1,7.0,
Cruz, Nelson,2018,.282,.561,.395,.366,.279,93.9,12.8,13.8,
Peralta, David,2018,.282,.480,.357,.344,.197,91.5,6.7,7.8,
Escobar, Alcides,2018,.242,.336,.282,.292,.094,84.6,10.6,2.1,
Jay, Jon,2018,.256,.343,.301,.321,.087,85.1,4.2,1.8,
Longoria, Evan,2018,.254,.433,.315,.293,.179,88.5,13.4,7.6,
Davis, Chris,2018,.191,.363,.278,.266,.172,89.3,15.1,10.3,
Zobrist, Ben,2018,.277,.400,.340,.357,.122,89.9,9,3.0,
Cabrera, Asdrubal,2018,.256,.446,.330,.311,.190,90,14.6,7.2,
Blackmon, Charlie,2018,.280,.451,.352,.350,.171,87.5,12,6.5,
Markakis, Nick,2018,.296,.434,.351,.369,.137,90.6,10,3.1,
Nunez, Eduardo,2018,.268,.364,.295,.297,.095,88.3,9.4,3.4,
Cain, Lorenzo,2018,.289,.399,.350,.379,.110,89.1,4.9,3.4,
McCutchen, Andrew,2018,.266,.454,.368,.378,.189,90.1,13.4,8.4,
Upton, Justin,2018,.257,.475,.361,.348,.219,90.7,11.9,14.0,
Votto, Joey,2018,.288,.484,.398,.422,.196,88.1,13.4,6.7,
Gardner, Brett,2018,.233,.345,.302,.321,.112,88,9.4,2.8,
Gordon, Alex,2018,.260,.440,.339,.338,.180,88.5,11,6.8,
Kemp, Matt,2018,.275,.526,.363,.327,.251,89.6,15.8,11.0,
Santana, Carlos,2018,.249,.424,.352,.371,.175,88.9,15.4,6.9,
Gonzalez, Carlos,2018,.247,.389,.303,.304,.142,89.7,9,6.2,
Alonso, Yonder,2018,.258,.451,.338,.326,.193,87.8,15.7,9.8,
Smoak, Justin,2018,.226,.440,.341,.337,.215,89.5,15,10.8,
Lowrie, Jed,2018,.252,.424,.337,.341,.172,89.2,17.4,5.3,
Brantley, Michael,2018,.309,.460,.365,.368,.151,90.2,9.5,3.5,
Gurriel, Yuli,2018,.263,.368,.298,.300,.105,89.3,11.5,1.9,
Solarte, Yangervis,2018,.253,.392,.306,.303,.139,87.1,14.1,4.5,
Rojas, Miguel,2018,.268,.354,.296,.312,.086,84.7,9.4,0.9,
Escobar, Eduardo,2018,.251,.437,.328,.319,.186,86.5,18.9,8.3,
Martinez, Jose,2018,.309,.523,.387,.369,.214,91,8.1,9.4,
Davis, Khris,2018,.250,.571,.380,.330,.322,92.5,18,17.2,
Pham, Tommy,2018,.293,.514,.387,.382,.221,93,6.6,10.1,
Martinez, J.D.,2018,.313,.626,.425,.388,.314,93,10.6,16.0,
Goldschmidt, Paul,2018,.274,.538,.389,.375,.264,90.8,15.7,13.6,
Gonzalez, Marwin,2018,.246,.420,.325,.324,.174,89.1,11.4,6.8,
Altuve, Jose,2018,.291,.461,.361,.364,.170,87.2,10.1,5.9,
Hernandez, Cesar,2018,.244,.361,.322,.352,.117,85.8,11.5,4.2,
Segura, Jean,2018,.280,.402,.318,.320,.122,87.7,7.8,3.6,
Castro, Starlin,2018,.263,.412,.320,.316,.150,88.5,8.2,6.9,
Marte, Starling,2018,.270,.463,.341,.322,.194,88.4,8.7,7.5,
Dietrich, Derek,2018,.242,.390,.310,.310,.148,87.4,15.7,6.1,
Freeman, Freddie,2018,.298,.539,.392,.380,.241,89.1,14.5,9.3,
Grandal, Yasmani,2018,.228,.455,.347,.340,.227,89,14.2,11.9,
LeMahieu, DJ,2018,.282,.429,.333,.329,.146,91.3,5.9,5.2,
Moustakas, Mike,2018,.260,.466,.340,.324,.206,89.5,19.9,8.8,
Rizzo, Anthony,2018,.293,.474,.371,.387,.181,90.1,14.7,6.5,
Stanton, Giancarlo,2018,.246,.476,.348,.329,.229,93.7,11.7,15.1,
Galvis, Freddy,2018,.221,.350,.280,.279,.129,88.6,13.7,3.9,
Perez, Salvador,2018,.262,.486,.341,.301,.225,91.2,18.1,10.8,
Inciarte, Ender,2018,.257,.347,.303,.321,.090,84.9,10.8,1.5,
Ozuna, Marcell,2018,.288,.502,.363,.335,.213,91.5,10.7,9.7,
Villar, Jonathan,2018,.227,.361,.295,.297,.134,88.5,3.2,5.1,
Aguilar, Jesus,2018,.256,.498,.363,.341,.241,89.8,16.2,11.4,
Crawford, Brandon,2018,.257,.385,.313,.331,.128,87.5,11.3,3.6,
Cron, C.J.,2018,.251,.485,.348,.322,.234,88,15.2,12.2,
Hicks, Aaron,2018,.265,.473,.376,.384,.208,89.7,13.2,8.8,
Hosmer, Eric,2018,.252,.389,.313,.323,.137,88.8,-1.4,5.9,
Kipnis, Jason,2018,.242,.404,.325,.329,.163,86.9,17.8,6.6,
Rendon, Anthony,2018,.308,.552,.394,.374,.244,90.7,17.9,10.3,
Semien, Marcus,2018,.246,.385,.309,.312,.139,86.8,15.4,4.5,
Shaw, Travis,2018,.246,.465,.353,.351,.220,88.9,16.9,10.3,
Springer, George,2018,.255,.463,.351,.338,.208,88.6,9.5,8.9,
Strange-Gordon, Dee,2018,.274,.336,.285,.297,.062,83.2,5.8,0.2,
Gregorius, Didi,2018,.264,.410,.327,.334,.145,87,16,4.7,
Trout, Mike,2018,.295,.601,.436,.447,.306,91.2,18.6,16.5,
Herrera, Odubel,2018,.233,.362,.289,.292,.128,86.7,13.2,4.9,
Harper, Bryce,2018,.263,.518,.393,.406,.256,91,14.4,11.5,
Abreu, Jose,2018,.281,.498,.361,.344,.218,91.3,12.2,9.1,
Suarez, Eugenio,2018,.280,.522,.381,.366,.242,91.2,14.7,9.7,
Polanco, Gregory,2018,.248,.454,.346,.339,.206,88.9,20.1,9.4,
Sanchez, Yolmer,2018,.240,.352,.295,.305,.113,86.7,9.3,3.0,
Arenado, Nolan,2018,.267,.476,.355,.350,.210,89.9,15.4,7.4,
Barnhart, Tucker,2018,.240,.356,.305,.323,.116,87.1,12.4,3.5,
Gennett, Scooter,2018,.258,.411,.317,.312,.152,87.3,14,5.8,
Hamilton, Billy,2018,.228,.276,.265,.296,.048,80.5,15.4,0.5,
Haniger, Mitch,2018,.282,.507,.378,.366,.226,90.2,12.7,10.3,
Piscotty, Stephen,2018,.269,.494,.359,.333,.225,88.5,13.1,9.6,
Seager, Kyle,2018,.250,.421,.312,.300,.171,89.8,18.5,5.6,
Carpenter, Matt,2018,.270,.553,.397,.388,.283,90.7,21.6,13.7,
Dickerson, Corey,2018,.292,.461,.340,.325,.169,87.8,15.2,6.1,
Dozier, Brian,2018,.210,.358,.298,.304,.148,86.8,17.6,6.3,
Contreras, Willson,2018,.224,.364,.307,.319,.141,88.2,8,7.3,
Castellanos, Nick,2018,.299,.535,.381,.356,.236,89.6,15.2,11.2,
Healy, Ryon,2018,.262,.445,.326,.303,.184,89.6,12.3,7.1,
Machado, Manny,2018,.292,.523,.378,.365,.231,91.6,14.4,11.3,
Realmuto, J.T.,2018,.278,.486,.361,.344,.207,88.9,14.5,9.0,
Rosario, Eddie,2018,.245,.432,.307,.284,.187,87.7,17.9,8.3,
Simmons, Andrelton,2018,.282,.403,.326,.331,.121,88.2,7.7,4.1,
Yelich, Christian,2018,.323,.575,.422,.402,.252,92.6,5,12.9,
Merrifield, Whit,2018,.283,.437,.349,.352,.154,87,16.9,4.6,
Bogaerts, Xander,2018,.285,.505,.373,.359,.221,90.6,12.5,9.8,
Calhoun, Kole,2018,.250,.456,.337,.322,.206,90.4,12.1,9.3,
Profar, Jurickson,2018,.255,.400,.329,.337,.145,87.3,12.4,5.0,
Baez, Javier,2018,.272,.508,.348,.311,.237,90.6,9.6,12.6,
Lindor, Francisco,2018,.293,.520,.381,.367,.228,90.6,14.7,9.3,
Odor, Rougned,2018,.244,.417,.324,.321,.173,90.7,13.9,7.1,
Story, Trevor,2018,.265,.513,.358,.326,.248,91,16,12.7,
Kepler, Max,2018,.236,.410,.328,.332,.174,89.5,16.2,6.6,
Bradley Jr., Jackie,2018,.264,.468,.351,.341,.204,92.2,12.3,10.3,
Candelario, Jeimer,2018,.209,.352,.295,.304,.143,87.2,15,6.0,
Ahmed, Nick,2018,.241,.377,.296,.296,.136,86.9,11.9,5.1,
Anderson, Brian,2018,.261,.412,.338,.347,.150,90.2,8.7,5.8,
Bell, Josh,2018,.262,.425,.347,.358,.164,90.2,9.5,7.0,
Betts, Mookie,2018,.316,.618,.440,.416,.302,92.2,18.4,14.1,
Smith, Mallex,2018,.262,.349,.310,.338,.087,85.8,3.7,1.5,
Hernandez, Teoscar,2018,.238,.506,.347,.303,.267,91.8,16.9,15.5,
Peraza, Jose,2018,.280,.389,.313,.321,.109,85.8,15,2.5,
Marte, Ketel,2018,.263,.402,.327,.336,.140,88.8,5.8,5.0,
Nimmo, Brandon,2018,.240,.399,.355,.385,.159,89.9,10.7,6.5,
Turner, Trea,2018,.277,.424,.342,.351,.147,89.1,9.3,5.8,
Pillar, Kevin,2018,.282,.437,.325,.312,.155,87.3,16.8,5.7,
Ramirez, Jose,2018,.267,.480,.372,.387,.213,89,19,8.3,
Bregman, Alex,2018,.276,.480,.380,.387,.204,89.4,16.8,7.6,
Gallo, Joey,2018,.232,.540,.371,.335,.308,94.3,21.9,22.5,
Mazara, Nomar,2018,.264,.448,.338,.325,.184,90.5,5.3,8.5,
Andujar, Miguel,2018,.281,.447,.331,.314,.166,89.2,12.2,6.3,
Swanson, Dansby,2018,.231,.365,.285,.299,.134,88,14.1,4.1,
Taylor, Chris,2018,.245,.420,.330,.327,.175,88.9,16.4,8.3,
Wendle, Joey,2018,.264,.378,.312,.326,.115,88.8,10.7,2.7,
Olson, Matt,2018,.252,.497,.360,.340,.246,93.2,18,12.2,
Duffy, Matt,2018,.275,.363,.320,.345,.088,86.8,4.8,1.2,
Margot, Manuel,2018,.260,.383,.305,.309,.123,89.4,11.5,3.3,
Camargo, Johan,2018,.239,.379,.312,.323,.140,88,12.6,5.0,
Conforto, Michael,2018,.246,.436,.346,.354,.190,88,12.3,9.5,
Anderson, Tim,2018,.228,.367,.280,.271,.139,85.8,10.8,4.7,
Bellinger, Cody,2018,.242,.439,.332,.329,.198,89.8,16.2,8.6,
Mancini, Trey,2018,.257,.445,.336,.316,.188,89.9,5.2,11.8,
Rosario, Amed,2018,.260,.375,.296,.300,.115,87.8,7.8,3.9,
Benintendi, Andrew,2018,.286,.461,.361,.363,.175,88.6,12.8,6.4,
Albies, Ozzie,2018,.253,.411,.311,.298,.158,86.8,16.1,4.7,
Chapman, Matt,2018,.260,.440,.343,.341,.180,93.1,14.8,8.9,
Hoskins, Rhys,2018,.234,.463,.354,.347,.229,89,22.6,11.4,
Schwarber, Kyle,2018,.245,.473,.352,.362,.228,90.9,12.3,12.7,
Moncada, Yoan,2018,.216,.388,.303,.298,.172,91,15.4,9.6,
